##HCal mean E from neutron data Gaussian fit
0.0121866
0.0237223
0.0393311
0.0536475
0.0621838
0.0765708
0.0860251
0.0975768
0.109917
0.120604
0.13065
0.141705
0.152751
0.164613
0.176721
0.186735
0.1972
0.209781
0.224011
0.232473
0.245646
0.253141
0.266204
0.282101
0.288065
0.301945
0.310749
0.320284
0.336818
0.344798
0.363276
0.374236
0.382835
0.399913
0.406619
0.419816
0.440301
0.442947
0.453748
0.470856
0.481908
0.488804
0.504523
0.52118
0.530515
0.5437
0.552229
0.56099
0.580651
0.590955
0.604915
0.614563
0.629788
0.642454
0.652427
0.663379
0.675309
0.692611
0.70617
0.708463
0.726088
0.73989
0.755489
0.77022
0.784542
0.791572
0.800926
0.818348
0.828574
0.847723
0.857049
0.864558
0.883808
0.893187
0.906744
0.911567
0.927153
0.944615
0.95352
0.962651
