##HCal mean E from proton data Gaussian fit
0.0436341
0.0540005
0.0643858
0.0745573
0.0841134
0.0925801
0.102572
0.113292
0.123343
0.134299
0.139038
0.1516
0.162634
0.171967
0.182026
0.191471
0.200725
0.21161
0.225174
0.234287
0.247001
0.254514
0.266249
0.277894
0.291132
0.301894
0.309463
0.324049
0.327174
0.341876
0.367633
0.36572
0.384291
0.394268
0.404439
0.418876
0.42999
0.442598
0.451343
0.464378
0.4732
0.487401
0.497577
0.50869
0.520349
0.532504
0.548067
0.549358
0.573029
0.57871
0.589411
0.603637
0.620495
0.627649
0.635821
0.650401
0.663594
0.678082
0.687185
0.70123
0.71482
0.725238
0.739164
0.749151
0.76488
0.770941
0.779296
0.799211
0.816418
0.823606
0.833699
0.845297
0.866539
0.876425
0.883891
0.899456
0.903255
0.922986
0.932901
0.950862
